,game num,round num,num_turns,duration (ms),winner,player1 pts,player2 pts,player3 pts,player4 pts
0,1,1,17,0.13529183343052864,player-3,1,3,2,3
1,1,2,20,0.24145795032382011,player-3,1,10,6,4
2,1,3,17,0.06900005973875523,player-1,5,13,7,7
3,1,4,20,0.07008318789303303,player-1,9,14,7,14
4,1,5,17,0.0641250517219305,player-3,10,17,11,17
5,1,6,20,0.06737490184605122,player-3,10,24,15,18
6,2,1,19,0.06287498399615288,player-3,2,2,7,3
7,2,2,19,0.05379202775657177,player-4,9,3,8,6
8,2,3,18,0.05262484773993492,player-4,14,9,11,9
9,2,4,18,0.05075009539723396,player-1,15,9,16,13
10,2,5,18,0.0641669612377882,player-2,19,15,19,20
11,2,6,17,0.04483293741941452,player-2,19,27,20,21
12,3,1,18,0.07512513548135757,player-4,3,8,4,6
13,3,2,18,0.06045796908438206,player-1,7,10,8,10
14,3,3,17,0.04854099825024605,player-1,11,10,9,17
15,3,4,17,0.05012494511902332,player-2,11,20,9,20
16,4,1,19,0.057999975979328156,player-3,3,5,4,5
17,4,2,22,0.06887479685246944,player-3,8,12,9,9
18,4,3,18,0.05645886994898319,player-4,12,17,11,12
19,4,4,17,0.04370789974927902,player-4,14,18,15,16
20,4,5,17,0.06008287891745567,player-1,20,22,17,20
21,5,1,17,0.06345892325043678,player-4,1,3,2,3
22,5,2,23,0.07291603833436966,player-3,5,3,6,4
23,5,3,17,0.05425000563263893,player-2,9,9,10,7
24,5,4,20,0.0641669612377882,player-2,17,13,13,12
25,5,5,20,0.0702079851180315,player-3,19,20,22,19
26,6,1,20,0.06374996155500412,player-3,4,3,2,5
27,6,2,19,0.07154117338359356,player-3,6,12,8,5
28,6,3,18,0.056999968364834785,player-3,13,15,17,6
29,6,4,17,0.04529091529548168,player-3,18,20,22,8
30,7,1,17,0.05233311094343662,player-3,10,5,1,8
31,7,2,20,0.060959020629525185,player-3,12,5,6,12
32,7,3,18,0.05487515591084957,player-2,15,14,7,13
33,7,4,17,0.043958891183137894,player-2,19,18,11,15
34,7,5,18,0.05474989302456379,player-4,22,18,15,20
35,7,6,18,0.04733284004032612,player-1,22,24,18,21
36,8,1,17,0.05416618660092354,player-4,3,8,4,13
37,8,2,17,0.054416945204138756,player-1,7,13,7,21
38,8,3,18,0.06420793943107128,player-3,11,18,13,23
39,9,1,20,0.07708393968641758,player-4,2,13,2,11
40,9,2,17,0.04291604273021221,player-2,6,20,6,13
41,9,3,19,0.05258386954665184,player-1,9,23,7,15
42,9,4,20,0.06570899859070778,player-3,9,23,10,25
43,10,1,19,0.06129196844995022,player-4,1,6,0,9
44,10,2,21,0.06783311255276203,player-3,6,10,2,12
45,10,3,19,0.06658397614955902,player-2,13,17,12,14
46,10,4,17,0.04370789974927902,player-1,15,18,12,18
47,10,5,36,0.09916606359183788,player-1,19,25,14,24
48,11,1,26,0.0793328508734703,player-2,4,4,3,5
49,11,2,17,0.04654214717447758,player-2,9,11,6,9
50,11,3,24,0.07316702976822853,player-2,10,14,8,9
51,11,4,18,0.05720905028283596,player-1,12,16,8,12
52,11,5,17,0.05058315582573414,player-1,19,17,10,14
53,11,6,17,0.04737498238682747,player-2,26,20,13,16
54,11,7,17,0.03983289934694767,player-3,26,21,18,18
55,12,1,18,0.05562487058341503,player-2,7,7,0,11
56,12,2,20,0.059582991525530815,player-1,12,8,3,13
57,12,3,17,0.04433398135006428,player-3,14,13,7,13
58,12,4,18,0.07295818068087101,player-1,16,18,13,21
59,12,5,20,0.054541975259780884,player-4,18,18,21,28
60,13,1,19,0.0594588927924633,player-3,0,3,7,5
61,13,2,17,0.047083012759685516,player-2,5,14,10,5
62,13,3,20,0.0541668850928545,player-2,6,18,13,6
63,13,4,17,0.057916855439543724,player-4,15,22,21,13
64,13,5,17,0.04175002686679363,player-1,16,25,24,16
65,14,1,17,0.04279217682778835,player-4,3,0,0,2
66,14,2,17,0.07575005292892456,player-1,6,7,5,4
67,14,3,23,0.12862496078014374,player-4,14,9,6,8
68,14,4,20,0.06649992428719997,player-2,16,11,14,12
69,14,5,19,0.0738329254090786,player-2,16,14,16,12
70,14,6,17,0.05145813338458538,player-1,24,15,16,12
71,15,1,17,0.04858383908867836,player-1,11,1,9,4
72,15,2,22,0.07216702215373516,player-3,13,2,11,6
73,15,3,17,0.04758313298225403,player-3,15,2,15,6
74,15,4,17,0.051167095080018044,player-4,17,5,20,16
75,15,5,17,0.058625126257538795,player-1,19,10,20,19
76,15,6,17,0.05229096859693527,player-2,19,20,25,22
77,16,1,17,0.05383417010307312,player-1,5,9,3,0
78,16,2,17,0.05791592411696911,player-2,8,17,7,4
79,16,3,18,0.0491670798510313,player-4,11,25,10,7
80,16,4,19,0.05487492308020592,player-2,15,29,12,11
81,17,1,19,0.4258339758962393,player-4,0,2,4,2
82,17,2,17,0.2472088672220707,player-3,0,6,7,2
83,17,3,22,0.3207081463187933,player-1,7,9,12,7
84,17,4,28,0.35337498411536217,none,11,10,14,7
85,17,5,17,0.8517499081790447,player-2,12,14,14,7
86,17,6,17,0.27841702103614807,player-3,15,16,22,9
87,17,7,23,0.3546250518411398,player-2,20,22,26,10
88,18,1,19,0.06320816464722157,player-3,2,0,10,4
89,18,2,18,0.0577080063521862,player-3,4,2,15,9
90,18,3,19,0.06683310493826866,player-1,8,6,21,10
91,18,4,18,0.05708308890461922,player-1,13,6,23,18
92,18,5,20,0.06620818749070168,player-4,15,7,26,21
93,19,1,25,0.08129095658659935,player-1,4,1,8,3
94,19,2,24,0.07779104635119438,player-1,17,2,10,18
95,19,3,17,0.05091703496873379,player-3,24,10,21,18
96,20,1,19,0.06358418613672256,player-1,6,1,4,5
97,20,2,19,0.06975000724196434,player-2,6,15,10,5
98,20,3,19,0.048625050112605095,player-3,8,19,12,5
99,20,4,18,0.04608393646776676,player-3,10,22,16,8
100,20,5,24,0.06591691635549068,player-2,13,28,17,11
101,20,6,19,0.051208073273301125,player-2,15,32,17,11
